3 1 100 30
0.1 0.25
0.1 0.5
0.1 0.75
0.9 0.5
0.5 0.3359346499702482
0.5 0.4784027936063235
0.5 0.6172662774845131
0.3 0.7223825121353716
0.7 0.5188395343270056
0.3 0.4209078794770909
0.3 0.5491875125612826
0.2 0.3008212015571546
0.4 0.5464086981097475
0.8 0.49383197212036006
0.6 0.5662060164431809
0.7 0.5800182281629404
0.39999999999999997 0.4606669304429963
0.39999999999999997 0.4060510630247645
0.3 0.3463337175420583
0.65 0.5021308647230062
0.6 0.4799774822934529
0.7 0.47740662094207603
0.75 0.47315557815800896
0.7 0.5140878632168153
0.5 0.4387515696910229
0.44999999999999996 0.3521364492903149
0.39999999999999997 0.6235213384359425
0.8500000000000001 0.4650921852113818
0.5499999999999999 0.4175716119029506
0.25 0.31588791897923113
3
2 4 1.6238499404430762 1 6
1 4 -1.6172512804574537 1 5
3 4 0.2460491358155958 1 7
3
2 4 1.6247881822142534 1 6
1 4 -1.6144199160675259 1 5
3 4 0.2516852162973953 1 7
3
2 4 1.6219628982494758 1 6
1 4 -1.6190613183808427 1 5
3 4 0.23699302323799926 1 7
3
2 4 1.6247036213997952 1 6
1 4 -1.614232501847176 1 5
3 4 0.257504319551199 1 7
3
2 4 1.6217301218468487 1 6
1 4 -1.6180817763964819 1 5
3 4 0.2430227043105116 1 7
3
2 4 1.6231314865326416 1 6
1 4 -1.613905077977255 1 5
3 4 0.2416377954262554 1 7
3
2 4 1.6287460920467447 1 6
1 4 -1.6141748422803652 1 5
3 4 0.2567106095031834 1 7
3
2 4 1.6234915399824603 1 6
1 4 -1.6140769168211828 1 5
3 4 0.24650052405970793 1 7
3
2 4 1.6226828756763763 1 6
1 4 -1.616775009538018 1 5
3 4 0.24641786618870834 1 7
3
2 4 1.6206800213729449 1 6
1 4 -1.614841756021538 1 5
3 4 0.23826133327356286 1 7
3
2 4 1.6205717343710357 1 6
1 4 -1.6553969116291583 1 5
3 4 0.24915817199380866 1 7
3
2 4 1.6243902086662447 1 6
1 4 -1.6144692229552398 1 5
3 4 0.25707172926868843 1 7
3
2 4 1.625796483895655 1 6
1 4 -1.6146369331695976 1 5
3 4 0.250493977951711 1 7
3
2 4 1.6233658040883414 1 6
1 4 -1.61268084975402 1 5
3 4 0.24960504709430156 1 7
3
2 4 1.6219302929050934 1 6
1 4 -1.6150024094839175 1 5
3 4 0.24035477090474658 1 7
3
2 4 1.6229729623454625 1 6
1 4 -1.6143531988590154 1 5
3 4 0.2504402898572654 1 7
3
2 4 1.621849192431571 1 6
1 4 -1.6143462936681001 1 5
3 4 0.24737463149140915 1 7
3
2 4 1.6301359828592792 1 6
1 4 -1.6143491316502177 1 5
3 4 0.2785258603972117 1 7
3
2 4 1.6207857574202083 1 6
1 4 -1.6188667997251347 1 5
3 4 0.24455621044472936 1 7
3
2 4 1.6245243144161616 1 6
1 4 -1.6138142885397644 1 5
3 4 0.26048803227749867 1 7
3
2 4 1.6257095845440406 1 6
1 4 -1.613678015197052 1 5
3 4 0.2409183190652398 1 7
3
2 4 1.6214287513539432 1 6
1 4 -1.6188384460925338 1 5
3 4 0.24809221259862801 1 7
3
2 4 1.624445446944989 1 6
1 4 1.6857996539698852 1 5
3 4 0.24063137305753654 1 7
3
2 4 1.6247881822142534 1 6
1 4 -1.6144199160675259 1 5
3 4 0.2516852162973953 1 7
3
2 4 1.6220490196273623 1 6
1 4 -1.6171269317261248 1 5
3 4 0.2552441649171722 1 7
3
2 4 1.6246131545973594 1 6
1 4 -1.6132447841424644 1 5
3 4 0.24579824682499343 1 7
3
2 4 1.621791365738938 1 6
1 4 -1.6142408418394711 1 5
3 4 0.24732045550890225 1 7
3
2 4 1.6206281034691532 1 6
1 4 -1.6191023655236576 1 5
3 4 0.2374800079573693 1 7
3
2 4 1.6287609687600542 1 6
1 4 -1.6137313965135858 1 5
3 4 0.2540842033924848 1 7
3
2 4 1.6241675864867777 1 6
1 4 -1.625140875504875 1 5
3 4 0.2395411991673415 1 7
3
2 4 1.627510452240966 1 6
1 4 -1.4881676624235873 1 5
3 4 0.24448272102261115 1 7
3
2 4 1.6214526506923683 1 6
1 4 -1.6140013730617135 1 5
3 4 0.228611302302446 1 7
3
2 4 1.6248366293414793 1 6
1 4 -1.6170237100915872 1 5
3 4 0.2381560708202546 1 7
3
2 4 1.6269300528747164 1 6
1 4 -1.614500549349951 1 5
3 4 0.26509537166584624 1 7
3
2 4 1.6219383849578513 1 6
1 4 -1.6168504335743137 1 5
3 4 0.24991752590462454 1 7
3
2 4 1.627728131210203 1 6
1 4 -1.6143906201258127 1 5
3 4 0.2607511652317921 1 7
3
2 4 1.6262259687491958 1 6
1 4 -1.6139086215438196 1 5
3 4 0.2740909330627276 1 7
3
2 4 1.621101821033007 1 6
1 4 -1.6172698103554164 1 5
3 4 0.24032904135769742 1 7
3
2 4 1.6248048010582925 1 6
1 4 -1.6160152720420073 1 5
3 4 0.24734231095511422 1 7
3
2 4 1.6258020498476382 1 6
1 4 -1.6182544792394444 1 5
3 4 0.25221374275329644 1 7
3
2 4 1.625750917893125 1 6
1 4 -1.6140021121974168 1 5
3 4 0.22913906192774508 1 7
3
2 4 1.6251814490871324 1 6
1 4 -1.6151763684354008 1 5
3 4 0.26951572413771024 1 7
3
2 4 1.6243094809541452 1 6
1 4 -1.6145308653088424 1 5
3 4 0.29533538883764254 1 7
3
2 4 1.6280867747852237 1 6
1 4 -1.6155493269591377 1 5
3 4 0.24216794968368238 1 7
3
2 4 1.6266281701589864 1 6
1 4 -1.6198291499653215 1 5
3 4 0.24495518870073735 1 7
3
2 4 1.6266177173570275 1 6
1 4 -1.6145639035440162 1 5
3 4 0.24509794685373826 1 7
3
2 4 1.6209025255161804 1 6
1 4 -1.613861616657876 1 5
3 4 0.2241298818240783 1 7
3
2 4 1.6212347721856806 1 6
1 4 -1.6171576684610058 1 5
3 4 0.2533871976187092 1 7
3
2 4 1.6276031525479266 1 6
1 4 -1.614574876249187 1 5
3 4 0.24847047437383868 1 7
3
2 4 1.6210612302355152 1 6
1 4 -1.617338598809788 1 5
3 4 0.24200475254219672 1 7
3
2 4 1.6209141108510605 1 6
1 4 -1.6174875038679708 1 5
3 4 0.2472050115031358 1 7
3
2 4 1.6236593411985987 1 6
1 4 -1.6143880797301349 1 5
3 4 0.24164945441755276 1 7
3
2 4 1.6229275894677329 1 6
1 4 -1.6160922031277907 1 5
3 4 0.25674219372864787 1 7
3
2 4 1.6251579200748174 1 6
1 4 -1.6145296472768407 1 5
3 4 0.24933940678687785 1 7
3
2 4 1.6243176521650846 1 6
1 4 -1.6132070760544934 1 5
3 4 0.2456386020020691 1 7
3
2 4 1.6214163109500506 1 6
1 4 -1.614606907627627 1 5
3 4 0.24002685327067372 1 7
3
2 4 1.6223727492300986 1 6
1 4 -1.6142964751986173 1 5
3 4 0.23598943998882652 1 7
3
2 4 1.6206509276318495 1 6
1 4 -1.6310810786590275 1 5
3 4 0.24878945424099408 1 7
3
2 4 1.6222974222947506 1 6
1 4 -1.6155874250954947 1 5
3 4 -0.021423653480976856 1 7
3
2 4 1.6293122618067566 1 6
1 4 -1.6143676058956633 1 5
3 4 0.269601700597486 1 7
3
2 4 1.624257622424109 1 6
1 4 -1.614441652023759 1 5
3 4 0.2938840239923324 1 7
3
2 4 1.6236684452851635 1 6
1 4 0.3417087497255229 1 5
3 4 0.24658200888323484 1 7
3
2 4 1.6222372625849664 1 6
1 4 -1.6136498014053036 1 5
3 4 0.2390613586862867 1 7
3
2 4 1.6213713549232298 1 6
1 4 -1.6141463494016635 1 5
3 4 0.22950086904006634 1 7
3
2 4 1.6258041106774006 1 6
1 4 -1.6188055632658505 1 5
3 4 0.24545892232599953 1 7
3
2 4 1.6232082651998656 1 6
1 4 -1.6172652751945267 1 5
3 4 0.24303372276449467 1 7
3
2 4 1.6244053832936547 1 6
1 4 -1.6206556460989712 1 5
3 4 0.23657882447576267 1 7
3
2 4 1.6210383449895425 1 6
1 4 -1.6173744805702475 1 5
3 4 0.25043298720709806 1 7
3
2 4 1.6295424452668683 1 6
1 4 -1.6143697623083577 1 5
3 4 0.2647013893732061 1 7
3
2 4 1.623010407730124 1 6
1 4 -1.5853228673587823 1 5
3 4 0.24972373030253459 1 7
3
2 4 1.6250012840767702 1 6
1 4 -1.6227787223283838 1 5
3 4 0.24581294256429778 1 7
3
2 4 1.6246342680695527 1 6
1 4 -1.614546374488638 1 5
3 4 0.24298619635619467 1 7
3
2 4 1.6252193344532953 1 6
1 4 -1.6144312661080955 1 5
3 4 0.25173919727531474 1 7
3
2 4 1.6228555657349881 1 6
1 4 -1.6147482664746535 1 5
3 4 0.2566002029298802 1 7
3
2 4 1.6245289779116299 1 6
1 4 -1.6142127031855766 1 5
3 4 0.25900497594386884 1 7
3
2 4 1.622412592598934 1 6
1 4 -1.6153732907521068 1 5
3 4 0.024485779088882997 1 7
3
2 4 1.6261645055193896 1 6
1 4 -1.613978428554746 1 5
3 4 0.2538300311996038 1 7
3
2 4 1.6212403885303184 1 6
1 4 -1.618946788301825 1 5
3 4 0.24965292329846192 1 7
3
2 4 1.6219127318072581 1 6
1 4 -1.6171472730936243 1 5
3 4 0.23709572381933555 1 7
3
2 4 1.6270140600602818 1 6
1 4 -1.6147446413776325 1 5
3 4 0.24545618990318696 1 7
3
2 4 1.6230847609775774 1 6
1 4 -1.6140964158466788 1 5
3 4 0.2335533717712953 1 7
3
2 4 1.6241879736234979 1 6
1 4 -1.615082899805799 1 5
3 4 0.23092163609833827 1 7
3
2 4 1.6273696309260628 1 6
1 4 -1.614248033204955 1 5
3 4 0.2667405248501363 1 7
3
2 4 1.6226570334547 1 6
1 4 -1.6143620066724795 1 5
3 4 0.2853298484559014 1 7
3
2 4 1.622247657018615 1 6
1 4 -1.6141073066606595 1 5
3 4 0.2395748855988043 1 7
3
2 4 1.6231232114499246 1 6
1 4 -0.24038122470735934 1 5
3 4 0.2600108103847593 1 7
3
2 4 1.6227726301494514 1 6
1 4 -1.61552735872981 1 5
3 4 0.26409452769723607 1 7
3
2 4 1.6227220211869648 1 6
1 4 -1.6142520014132702 1 5
3 4 0.23574454720016413 1 7
3
2 4 1.6226755152385537 1 6
1 4 -1.6142552540728874 1 5
3 4 0.23617897602975754 1 7
3
2 4 1.6254590991946518 1 6
1 4 -1.614135308717087 1 5
3 4 0.24493751734888625 1 7
3
2 4 1.624809464214773 1 6
1 4 -1.6145191843802602 1 5
3 4 0.24587457003455274 1 7
3
2 4 1.624086820372401 1 6
1 4 -1.6141568834689106 1 5
3 4 0.24661940533378948 1 7
3
2 4 1.6221825770204508 1 6
1 4 -1.61344516541152 1 5
3 4 0.23458996074778585 1 7
3
2 4 1.6185241797674916 1 6
1 4 -1.6138259279634015 1 5
3 4 0.25058093336958903 1 7
3
2 4 1.6220507894753493 1 6
1 4 -1.614464133184462 1 5
3 4 0.24454070899296415 1 7
3
2 4 1.6230712969808665 1 6
1 4 -1.6272967349800325 1 5
3 4 0.29786364279321015 1 7
3
2 4 1.6261706467691153 1 6
1 4 -1.620748018658597 1 5
3 4 0.24102006619106567 1 7
3
2 4 1.6252835266441479 1 6
1 4 -1.623194979903169 1 5
3 4 0.24389519965798254 1 7
3
2 4 1.6226302297537571 1 6
1 4 -1.6142675607136596 1 5
3 4 0.23663077202464827 1 7
3
2 4 1.626747529933234 1 6
1 4 -1.6162579612647001 1 5
3 4 0.2609117158623602 1 7
