6 1 100 14
0.1 0.14285714285714285
0.1 0.2857142857142857
0.1 0.42857142857142855
0.1 0.5714285714285714
0.1 0.7142857142857143
0.1 0.8571428571428571
0.9 0.5
0.5 0.7251433670199655
0.5 0.524582703616453
0.3 0.587373729932994
0.7 0.5115161696255344
0.3 0.6468549246403167
0.3 0.7261530527326754
0.5 0.29085080467974506
2
4 9 1.2185378666016435 1 10
9 7 0.883127031330195 1 11
2
4 9 1.2377683461324918 1 10
9 7 0.8683508511958329 1 11
2
4 9 1.2317256120448261 1 10
9 7 0.9084421506624782 1 11
2
4 9 1.2098567520152468 1 10
9 7 0.8845678955893135 1 11
2
4 9 1.2830299674312602 1 10
9 7 0.8853377396202052 1 11
2
4 9 1.2586265242725274 1 10
9 7 0.893557648636049 1 11
2
4 9 1.216644851435392 1 10
9 7 0.8782742733501178 1 11
2
4 9 1.2051782590547488 1 10
9 7 0.8783062599284579 1 11
2
4 9 1.231352075415387 1 10
9 7 0.8816121150303032 1 11
2
4 9 1.2627337823807854 1 10
9 7 0.8685989501434223 1 11
3
4 9 1.201512400313479 1 10
9 7 0.8832186896290501 1 11
6 9 1.9510585083617742 1 13
2
4 9 1.2902191779040508 1 10
9 7 0.8837915114717099 1 11
2
4 9 1.2299647188456573 1 10
9 7 0.8809274829074727 1 11
2
4 9 1.2403684680607754 1 10
9 7 0.8836861901037139 1 11
2
4 9 1.2085306103984481 1 10
9 7 0.8826346907244494 1 11
2
4 9 1.2593485802167095 1 10
9 7 0.8848590080396737 1 11
2
4 9 1.2613838042655843 1 10
9 7 0.884596176536412 1 11
2
4 9 1.209708966368961 1 10
9 7 0.8860554376843777 1 11
2
4 9 1.2405984647529387 1 10
9 7 0.8730056269260623 1 11
2
4 9 1.2262710697104016 1 10
9 7 0.8758450936934609 1 11
2
4 9 1.2428817276356252 1 10
9 7 0.8851047618861343 1 11
2
4 9 1.2656605226808604 1 10
9 7 0.8853119970263522 1 11
2
4 9 1.2574408893094182 1 10
9 7 0.8715913131630669 1 11
2
4 9 1.2566946066871643 1 10
9 7 0.883774246632221 1 11
2
4 9 1.2124997276527956 1 10
9 7 0.8834568455827493 1 11
2
4 9 1.2420053618513311 1 10
9 7 0.8907820260512194 1 11
2
4 9 1.2097324371557088 1 10
9 7 0.8793494176686396 1 11
2
4 9 1.2374043167329265 1 10
9 7 0.8816663502121638 1 11
2
4 9 1.2491633906885549 1 10
9 7 0.8783484221688845 1 11
2
4 9 1.2375032583489414 1 10
9 7 0.8763879645084164 1 11
2
4 9 1.231987045489914 1 10
9 7 0.8870845003816858 1 11
2
4 9 1.236942944785193 1 10
9 7 0.8823089228446634 1 11
2
4 9 1.2798246049019308 1 10
9 7 0.885444240792203 1 11
2
4 9 1.2172951971944328 1 10
9 7 0.8841890883118448 1 11
2
4 9 1.2644219563408643 1 10
9 7 0.8843010238952072 1 11
2
4 9 1.2444710125158918 1 10
9 7 0.88590096119782 1 11
3
4 9 1.2300904378025717 1 10
9 7 0.8825199937616417 1 11
1 9 -1.151777966735263 1 -1
2
4 9 1.215306828790546 1 10
9 7 0.8839719134127306 1 11
2
4 9 1.255707787719357 1 10
9 7 0.8792622878673243 1 11
2
4 9 1.25815441996191 1 10
9 7 0.8700203254479004 1 11
2
4 9 1.2283606121963293 1 10
9 7 0.8889663871194889 1 11
2
4 9 1.2181968834086956 1 10
9 7 0.8827964439368079 1 11
3
4 9 1.2486481066731814 1 10
9 7 0.8817338180497387 1 11
2 9 -1.2160414180515797 1 -1
2
4 9 1.2520399797276702 1 10
9 7 0.8809850871773207 1 11
2
4 9 1.2442088941711646 1 10
9 7 0.8807318191725005 1 11
2
4 9 1.2363369777357798 1 10
9 7 0.8795676580845601 1 11
2
4 9 1.2326380853483077 1 10
9 7 0.8889838076483736 1 11
2
4 9 1.216898905036706 1 10
9 7 0.8755099904814297 1 11
2
4 9 1.2370032786785206 1 10
9 7 0.8844255221376808 1 11
2
4 9 1.201735878216613 1 10
9 7 0.881812675543718 1 11
2
4 9 1.1735876955006483 1 10
9 7 0.8814075846885228 1 11
2
4 9 1.2435115697336763 1 10
9 7 0.8807326858338441 1 11
2
4 9 1.233193869875695 1 10
9 7 0.88249365097699 1 11
2
4 9 1.2647388907537724 1 10
9 7 0.888425213634106 1 11
2
4 9 1.20796727937887 1 10
9 7 0.882189661731503 1 11
2
4 9 1.244248516356076 1 10
9 7 0.8834885183087193 1 11
2
4 9 1.274057303881954 1 10
9 7 0.8818752228591336 1 11
2
4 9 1.292791107579835 1 10
9 7 0.8847837095887986 1 11
2
4 9 1.2445853077687947 1 10
9 7 0.877197599223724 1 11
2
4 9 1.2549482967155663 1 10
9 7 0.8837580401314804 1 11
2
4 9 1.2592451104466187 1 10
9 7 0.8720154542460382 1 11
2
4 9 1.2197295178073457 1 10
9 7 0.8740992277524856 1 11
2
4 9 1.2082202220063736 1 10
9 7 0.8860529631059041 1 11
2
4 9 1.2513083397847278 1 10
9 7 0.8906823199449656 1 11
2
4 9 1.2140783877930597 1 10
9 7 0.8745637442523139 1 11
2
4 9 1.211999339138176 1 10
9 7 0.8847688380182253 1 11
2
4 9 1.266992454404162 1 10
9 7 0.8825005100428456 1 11
2
4 9 1.2131942932322057 1 10
9 7 0.8845296402438755 1 11
2
4 9 1.1789052615245896 1 10
9 7 0.8858088874334766 1 11
2
4 9 1.2184070012357706 1 10
9 7 0.8742983973606577 1 11
2
4 9 1.257741499800011 1 10
9 7 0.8838403197471029 1 11
2
4 9 1.2950344257238477 1 10
9 7 0.884746862614706 1 11
2
4 9 1.2638628902426179 1 10
9 7 0.8832103640168135 1 11
2
4 9 1.246067734206066 1 10
9 7 0.8787266690442651 1 11
2
4 9 1.2338819568268582 1 10
9 7 0.8861378095943929 1 11
2
4 9 1.2076346035377856 1 10
9 7 0.884327824840612 1 11
2
4 9 1.2664311114785605 1 10
9 7 0.8848847364855906 1 11
2
4 9 1.2183236391625376 1 10
9 7 0.8855549444076499 1 11
2
4 9 1.175524610054933 1 10
9 7 0.8820832111360983 1 11
2
4 9 1.1771688762061763 1 10
9 7 0.8828476607821174 1 11
2
4 9 1.2024076758977336 1 10
9 7 0.8827087424845063 1 11
2
4 9 1.269892874392505 1 10
9 7 0.8849407096682637 1 11
2
4 9 1.2384701428176264 1 10
9 7 0.8857470101779278 1 11
2
4 9 1.2235554889395577 1 10
9 7 0.8852581867963382 1 11
2
4 9 1.2319805567859259 1 10
9 7 0.888405601323235 1 11
2
4 9 1.219943835533603 1 10
9 7 0.8746761042552442 1 11
2
4 9 1.2750161537596978 1 10
9 7 0.9117445980390564 1 11
2
4 9 1.1990009594210316 1 10
9 7 0.8744657314315663 1 11
2
4 9 1.2626924867974139 1 10
9 7 0.8832090910987562 1 11
2
4 9 1.2567632125736736 1 10
9 7 0.8860717468725701 1 11
2
4 9 1.2630277566332997 1 10
9 7 0.884920445596573 1 11
2
4 9 1.261534762076009 1 10
9 7 0.86112364724732 1 11
2
4 9 1.2313999290123063 1 10
9 7 0.8840839509581555 1 11
2
4 9 1.2012299014951626 1 10
9 7 0.8838628149094363 1 11
2
4 9 1.2430183457373443 1 10
9 7 0.8849441387273969 1 11
2
4 9 1.2422286861379588 1 10
9 7 0.8700617800243614 1 11
2
4 9 1.3217257852998987 1 10
9 7 0.8861398996425496 1 11
2
4 9 1.262647476276376 1 10
9 7 0.8849425740421266 1 11
2
4 9 1.2083303976884847 1 10
9 7 0.8836915113059511 1 11
2
4 9 1.1705998397662944 1 10
9 7 0.8834109492401518 1 11
