3 1 100 29
0.1 0.25
0.1 0.5
0.1 0.75
0.9 0.5
0.5 0.3784748433600388
0.5 0.5146724840873451
0.5 0.6200154489630629
0.3 0.7223825121353716
0.7 0.5188395343270056
0.3 0.4209078794770909
0.3 0.5893138147544631
0.2 0.3196285435431136
0.4 0.5548215940406895
0.8 0.49383197212036006
0.6 0.5662060164431809
0.7 0.5800182281629404
0.39999999999999997 0.4606669304429963
0.39999999999999997 0.4060510630247645
0.3 0.3463337175420583
0.65 0.5021308647230062
0.6 0.42923724109679556
0.7 0.47740662094207603
0.75 0.5132249801331434
0.7 0.5140878632168153
0.5 0.5073571322760908
0.44999999999999996 0.3521364492903149
0.39999999999999997 0.6235213384359425
0.8500000000000001 0.5054796959406791
0.5499999999999999 0.43403161774530813
16
2 4 1.7589160238339003 1 6
3 7 0.8548981579614073 1 8
2 7 0.7982740964579789 1 11
7 9 1.0230230474560804 1 15
2 9 -0.7540941576855318 0 17
1 9 1.12148850225646 1 18
3 9 -0.5286860142416236 1 27
1 5 0.9934807531229215 1 19
5 4 -1.539672244067764 1 22
1 10 1.0002917165815568 1 12
10 7 -0.045002965171816484 1 13
10 4 -0.4895843867414577 1 21
10 9 0.3079019866347071 1 25
9 14 1.0069140683286146 1 23
14 4 -0.061947994044482604 1 28
2 14 -0.6867302852435639 1 -1
16
2 4 1.7589160329929459 1 6
3 7 0.8612697804832954 1 8
2 7 0.7984423322884178 1 11
7 9 1.0230228433612185 1 15
2 9 -0.7537434703341755 0 17
3 9 -0.5287032993252629 1 27
1 5 0.9934825392840833 1 19
5 4 -1.539672266595483 1 22
1 10 0.9979258086653586 1 12
10 7 0.15083720615896837 1 13
10 4 -0.4895762865087568 1 21
10 9 0.30767078660301544 1 25
9 14 1.0073290788446543 1 23
14 4 -0.062103383635581794 1 28
1 18 0.98431942127833 1 -1
18 9 1.1226741536084024 1 29
16
2 4 1.7589159541161599 1 6
3 7 0.8570536699611003 1 8
2 7 0.7982701682847566 1 11
7 9 1.0230229491062595 1 15
2 9 -0.7544084236742423 0 17
1 9 1.1214858795665579 1 18
3 9 -0.5288432695645765 1 27
1 5 0.9934831480256489 1 19
5 4 -1.5396722431331533 1 22
1 10 0.9994154139754045 1 12
10 7 0.08909926967182888 1 13
10 4 -0.4895871085169421 1 21
10 9 0.31017893394565504 1 25
9 14 1.0057866340731876 1 23
14 4 -0.06160859404806558 1 28
2 14 -0.6838392512120787 1 -1
3
2 4 1.698669376849003 1 6
1 4 -1.5891023132623328 1 5
3 4 -0.07442722044579256 0 7
15
2 4 1.758915982497347 1 6
3 7 0.855891464898518 1 8
2 7 0.7964568018514568 1 11
7 9 1.0230229175077517 1 15
2 9 -0.7543949826436072 0 17
1 9 1.1214917316802218 1 18
3 9 -0.5287709566851583 1 27
1 5 0.9934814107531506 1 19
5 4 -1.5396720619881255 1 22
1 10 0.9982709676140241 1 12
10 7 0.11083964561043097 1 13
10 4 -0.48958512787764724 1 21
10 9 0.30711217472644375 1 25
9 14 1.005506524950953 1 23
14 4 -0.06198747368021114 1 28
17
2 4 1.7589160242850743 1 6
3 7 0.8556100376258162 1 8
2 7 0.7983536952763927 1 11
7 9 1.0230229920608838 1 15
2 9 -0.7539008336827794 0 17
1 9 1.12148850225646 1 18
3 9 -0.528693405612993 1 27
1 5 0.9934810804420883 1 19
5 4 -1.5396722611363776 1 22
1 10 1.000172543347351 1 12
10 7 0.1071275594936488 1 13
10 4 -0.48958099442610037 1 21
10 9 0.3078900012908959 1 25
9 14 1.0071643727164479 1 23
14 4 -0.061954091492102854 1 28
2 14 -0.6867302852435639 1 -1
5 9 1.9906735030303095 1 -1
15
2 4 1.826965517958947 1 6
3 7 0.8544551925508552 1 8
2 7 0.7983796140704589 1 11
7 9 1.023023024325215 1 15
2 9 -0.7543937850744067 0 17
1 9 1.1214917359405565 1 18
3 9 -0.5288830952916327 1 27
1 5 0.9934769601430963 1 19
5 4 -1.5396720360009664 1 22
1 10 0.9979257754086658 1 12
10 7 0.06313692909656227 1 13
10 4 -0.489576592733493 1 21
10 9 0.3055741340308968 1 25
9 14 1.0050318919677814 1 23
14 4 -0.06192071609178837 1 28
16
2 4 1.758916023003554 1 6
3 7 0.8540465984329434 1 8
2 7 0.79827272671197 1 11
7 9 1.023023049839821 1 15
2 9 -0.7541738955201145 0 17
1 9 1.12148850225646 1 18
3 9 -0.528671262253599 1 27
1 5 0.9934805941739492 1 19
5 4 -1.5396722393096225 1 22
1 10 1.0003459784610982 1 12
10 7 -0.07480938818304494 1 13
10 4 -0.4895845662597804 1 21
10 9 0.307953521133592 1 25
9 14 1.0065833323079252 1 23
14 4 -0.06185250235753259 1 28
2 14 -0.6867302852435639 1 -1
16
2 4 1.7589159290807104 1 6
3 7 0.8711646609924136 1 8
2 7 0.7982365654340909 1 11
7 9 1.0230228726789365 1 15
2 9 -0.7546882281744308 0 17
3 9 -0.5284622140498986 1 27
1 5 0.9934904639305117 1 19
5 4 -1.5396723187702392 1 22
1 10 0.9979258202491816 1 12
10 7 0.2093652390610175 1 13
10 4 -0.48959104494473843 1 21
10 9 0.3079315688415909 1 25
9 14 1.007344544040494 1 23
14 4 -0.06203111767657716 1 28
1 18 1.0 1 -1
18 9 1.12156570029968 1 29
3
2 4 1.698533026537298 1 6
1 4 -1.593329835003525 1 5
3 4 -0.06594667512213126 0 7
3
2 4 1.6819180190304255 1 6
1 4 -1.5897701756044829 1 5
3 4 -0.06511483932687454 0 7
17
2 4 1.7805838532042384 1 6
3 7 0.8536156748911514 1 8
2 7 0.7983187907336192 1 11
7 9 1.0230230276626409 1 15
2 9 -0.7543878703707614 0 17
1 9 1.1214885225850473 1 18
3 9 -0.528825825657554 1 27
1 5 0.9934789777612016 1 19
5 4 -1.5396720938431514 1 22
1 10 0.9992919404541875 1 12
10 7 -0.02657834369456058 1 13
10 4 -0.4895870767996014 1 21
10 9 0.3091892719979732 1 25
9 14 1.005427157993908 1 23
14 4 -0.061896801032534185 1 28
2 14 -0.6848726251614021 1 -1
3 10 -0.9537808315933947 1 -1
17
2 4 1.7589160583249142 1 6
3 7 0.8552182510323467 1 8
2 7 0.7983353147334773 1 11
7 9 1.023023049839616 1 15
2 9 -0.7542412170609484 0 17
1 9 1.121488474956207 1 18
3 9 -0.5286740502751716 1 27
1 5 0.9934817345045053 1 19
5 4 -1.539672124328065 1 22
1 10 0.9996705080649412 1 12
10 7 -0.05959052809062881 1 13
10 4 -0.4895829356209959 1 21
10 9 0.3078159447774732 1 25
9 14 1.006103478850834 1 23
14 4 -0.061907483711389794 1 28
2 14 -0.6382390519107247 1 -1
5 14 1.6727144603443609 1 -1
16
2 4 1.758916013960383 1 6
3 7 0.8529880589725841 1 8
2 7 0.7982619230229017 1 11
7 9 1.0230230870939236 1 15
2 9 -0.7543878630790333 0 17
1 9 1.1214861879434403 1 18
3 9 -0.5287869341310502 1 27
1 5 0.9934815028912687 1 19
5 4 -1.5396722469301198 1 22
1 10 1.0001215634135454 1 12
10 7 -0.1563544686652412 1 13
10 4 -0.4895883529690512 1 21
10 9 0.3099422100786711 1 25
9 14 1.0068434217265083 1 23
14 4 -0.061844210401605045 1 28
2 14 -0.6848726251614021 1 -1
3
2 4 1.6971481220467384 1 6
1 4 -1.5889358657048729 1 5
3 4 -0.0666430396194565 0 7
3
2 4 1.6902888766683624 1 6
1 4 -1.5894615064448698 1 5
3 4 -0.06574904486919422 0 7
16
2 4 1.7589160230031513 1 6
3 7 0.8540052823740998 1 8
2 7 0.7982689386876013 1 11
7 9 1.0230230527965292 1 15
2 9 -0.7543397027677654 0 17
1 9 1.12148850225646 1 18
3 9 -0.5286669410697798 1 27
1 5 0.9934803649953555 1 19
5 4 -1.5396722315220142 1 22
1 10 1.0004967262525235 1 12
10 7 -0.21107648262545073 1 13
10 4 -0.48958465941312673 1 21
10 9 0.3080751893851177 1 25
9 14 1.0064699518155902 1 23
14 4 -0.061849092006921645 1 28
2 14 -0.6867302852435639 1 -1
16
2 4 1.7589160329929459 1 6
3 7 0.8612697804832954 1 8
2 7 0.7984423322884178 1 11
7 9 1.0230228433612185 1 15
2 9 -0.7537434703341755 0 17
3 9 -0.5287032993252629 1 27
1 5 0.9934825392840833 1 19
5 4 -1.539672266595483 1 22
1 10 0.9979258086653586 1 12
10 7 0.15083720615896837 1 13
10 4 -0.4895762865087568 1 21
10 9 0.30767078660301544 1 25
9 14 1.0073290788446543 1 23
14 4 -0.062103383635581794 1 28
1 18 0.98431942127833 1 -1
18 9 1.1226741536084024 1 29
16
2 4 1.7589161814186582 1 6
3 7 0.845451159776702 1 8
2 7 0.7983977526933091 1 11
7 9 1.0230229160206243 1 15
2 9 -0.7542728440167902 0 17
1 9 1.1214858795665579 1 18
3 9 -0.5288916250454342 1 27
1 5 0.99348739085739 1 19
5 4 -1.5396722085940344 1 22
1 10 0.9986770167718539 1 12
10 7 0.08019080724362283 1 13
10 4 -0.48958442312205647 1 21
10 9 0.3097757457067668 1 25
9 14 1.0060895512311865 1 23
14 4 -0.061615628541254526 1 28
2 14 -0.6838392512120787 1 -1
3
2 4 1.6924340817822676 1 6
1 4 -1.5897483475442438 1 5
3 4 -0.06611042193890629 0 7
16
2 4 1.7589160647389497 1 6
3 7 0.8548846431581262 1 8
2 7 0.7983611285401252 1 11
7 9 1.0230230260418123 1 15
2 9 -0.7544824494070963 0 17
1 9 1.121488189728422 1 18
3 9 -0.528909658011222 1 27
1 5 0.9934834980605667 1 19
5 4 -1.5396720909631125 1 22
1 10 0.9991751615264957 1 12
10 7 0.0820131792107367 1 13
10 4 -0.4895811884319397 1 21
10 9 0.307226239665206 1 25
9 14 1.0067872871114585 1 23
14 4 -0.062131024488669785 1 28
2 14 -0.6867302852435639 1 -1
16
2 4 1.7589161484361344 1 6
3 7 0.8492115711426427 1 8
2 7 0.7982753831737059 1 11
7 9 1.023022983118106 1 15
2 9 -0.7539988011797186 0 17
1 9 1.12148850225646 1 18
3 9 -0.5286853024425746 1 27
1 5 0.9934860222382992 1 19
5 4 -1.5396721226617718 1 22
1 10 0.9986295871298935 1 12
10 7 -0.03613694935485512 1 13
10 4 -0.48957866429364816 1 21
10 9 0.30806690183372454 1 25
9 14 1.0065901831678394 1 23
14 4 -0.06204125908929318 1 28
2 14 -0.6867302852435639 1 -1
3
2 4 1.6971481220467384 1 6
1 4 -1.5889358657048729 1 5
3 4 -0.0666430396194565 0 7
3
2 4 1.69747778519321 1 6
1 4 -1.5950607209735763 1 5
3 4 -0.06368436396186518 0 7
4
2 4 1.6942098870481184 1 6
1 4 -1.5916927219089747 1 5
3 7 0.9542889629753297 1 8
7 4 -0.05821493707224772 0 -1
3
2 4 1.6879480463120569 1 6
1 4 -1.5886471515418574 1 5
3 4 -0.05499966961787568 1 7
3
2 4 1.6908802082975722 1 6
1 4 -1.5904405784630264 1 5
3 4 -0.06641612200371988 0 7
3
2 4 1.6971849194898005 1 6
1 4 -1.5883290891162796 1 5
3 4 -0.06855973406137944 0 7
16
2 4 1.7589160708233516 1 6
3 7 0.8525266837447459 1 8
2 7 0.798389220849225 1 11
7 9 1.023022997232972 1 15
2 9 -0.7541928046218387 0 17
3 9 -0.5287145396827084 1 27
1 5 0.9934812490048633 1 19
5 4 -1.5396719239754928 1 22
1 10 0.9989341858909465 1 12
10 7 0.05832129441775659 1 13
10 4 -0.48957774162122547 1 21
10 9 0.30577087723884133 1 25
9 14 1.0061169393300553 1 23
14 4 -0.06223295280335786 1 28
1 18 0.9546693321238912 1 -1
18 9 1.1275069809061395 1 29
16
2 4 1.7589160594328876 1 6
3 7 0.851950141689207 1 8
2 7 0.7982695357509523 1 11
7 9 1.0230230226174 1 15
2 9 -0.7542171465284949 0 17
1 9 1.12148850225646 1 18
3 9 -0.5286716634903154 1 27
1 5 0.9934815626693163 1 19
5 4 -1.5396721979857306 1 22
1 10 0.9993402238737419 1 12
10 7 -0.10549413094200208 1 13
10 4 -0.48958227232448337 1 21
10 9 0.30807371318383264 1 25
9 14 1.0065720166502568 1 23
14 4 -0.06194143538382017 1 28
2 14 -0.6867302852435639 1 -1
3
2 4 1.6965604395104983 1 6
1 4 -1.5893831665350988 1 5
3 4 -0.07037326769338556 0 7
15
2 4 1.758916092202081 1 6
3 7 0.8466340733727163 1 8
2 7 0.7591817331188696 1 11
7 9 1.0230229125181873 1 15
2 9 -0.7539253614400028 0 17
1 9 1.1214925939446334 1 18
3 9 -0.5286697297846142 1 27
1 5 0.9934844881259377 1 19
5 4 -1.53967203719591 1 22
1 10 0.9985171175241968 1 12
10 7 0.05543265863531998 1 13
10 4 -0.4895767245601507 1 21
10 9 0.3072136156077487 1 25
9 14 1.0064809688414544 1 23
14 4 -0.06214076695405707 1 28
16
2 4 1.8133758636370059 1 6
3 7 0.8528742940082137 1 8
2 7 0.7983798713929668 1 11
7 9 1.023022940175549 1 15
2 9 -0.7543427972891475 0 17
3 9 -0.5288177413893947 1 27
1 5 1.063995005124542 1 19
5 4 -1.5396720215835331 1 22
1 10 0.9979257787606686 1 12
10 7 0.1237171906182297 1 13
10 4 -0.4895765378909854 1 21
10 9 0.3055750679953047 1 25
9 14 1.0051227041469777 1 23
14 4 -0.06220815381738437 1 28
1 18 0.9546693321238912 1 -1
18 9 1.1275069809061395 1 29
3
2 4 1.6801235047585483 1 6
1 4 -1.5919216174455146 1 5
3 4 -0.06855973406137944 0 7
16
2 4 1.7589160245597097 1 6
3 7 0.8512010818074829 1 8
2 7 0.7776928147638875 1 11
7 9 1.0230229344472697 1 15
2 9 -0.7540258259178082 0 17
1 9 1.121490265639684 1 18
3 9 -0.5287240720307184 1 27
1 5 0.9934821379237203 1 19
5 4 -1.5396722069317936 1 22
1 10 0.9994597283110437 1 12
10 7 -0.12846682393787223 1 13
10 4 -0.4895780827686915 1 21
10 9 0.3076560648290954 1 25
9 14 1.006551968839096 1 23
14 4 -0.06188153984380939 1 28
2 14 -0.6848726251614021 1 -1
3
2 4 1.6972421014451375 1 6
1 4 -1.589022586832589 1 5
3 4 -0.07425401368522395 0 7
3
2 4 1.696961111892418 1 6
1 4 -1.5891332132296463 1 5
3 4 -0.06723152941727395 0 7
3
2 4 1.6866583749866386 1 6
1 4 -1.589687559813868 1 5
3 4 -0.06031247349140618 1 7
3
2 4 1.697446753454319 1 6
1 4 -1.5893031880507766 1 5
3 4 -0.06742711658828651 0 7
3
2 4 1.6954059820393705 1 6
1 4 -1.5902989103740293 1 5
3 4 -0.06381311978577933 0 7
17
2 4 1.7589160596493212 1 6
3 7 0.8575272793703211 1 8
2 7 0.7983623373694758 1 11
7 9 1.0230230498290884 1 15
2 9 -0.7543916851832774 0 17
1 9 1.1214884583967157 1 18
3 9 -0.528855798050224 1 27
1 5 0.99348560560975 1 19
5 4 -1.5396720886529771 1 22
1 10 0.9986088400625951 1 12
10 7 -0.016892282255283178 1 13
10 4 -0.48958292998929376 1 21
10 9 0.3070503976965159 1 25
9 14 1.0061006567744686 1 23
14 4 -0.061932279944254306 1 28
2 14 -0.7362958579317974 1 -1
5 14 1.6727144603443609 1 -1
3
2 4 1.6758261839470712 1 6
1 4 -1.5903725169532166 1 5
3 4 -0.05549947274855681 1 7
15
2 4 1.758916230640827 1 6
3 7 0.8456525733741196 1 8
2 7 0.7983045823735848 1 11
7 9 1.0230229752564604 1 15
2 9 -0.7540680853470045 0 17
1 9 1.1214972771884377 1 18
3 9 -0.5286542187902779 1 27
1 5 0.9934829010214686 1 19
5 4 -1.5396722245477543 1 22
1 10 0.9979257438546537 1 12
10 7 -0.2932198187056057 1 13
10 4 -0.4895780179439285 1 21
10 9 0.31545837083758627 1 25
9 14 1.0069013510927118 1 23
14 4 -0.06197067488153474 1 28
3
2 4 1.686366743282586 1 6
1 4 -1.6153291622660382 1 5
3 4 -0.06252150088109112 0 7
16
2 4 1.7589160256276217 1 6
3 7 0.8536161728019593 1 8
2 7 0.7984885282099277 1 11
7 9 1.0559113459189031 1 15
2 9 -0.7537982814812256 0 17
1 9 1.12148850225646 1 18
3 9 -0.5286985374443343 1 27
1 5 0.9934828031546414 1 19
5 4 -1.5396722407353258 1 22
1 10 1.0003357817724652 1 12
10 7 -0.025323634478052776 1 13
10 4 -0.48957915236999366 1 21
10 9 0.3043170927709928 1 25
9 14 1.0069860855939246 1 23
14 4 -0.06199728748540006 1 28
2 14 -0.6867302852435639 1 -1
16
2 4 1.758916056746442 1 6
3 7 0.8513661733733281 1 8
2 7 0.7983523549466517 1 11
7 9 1.023022978268534 1 15
2 9 -0.7539976511027149 0 17
3 9 -0.5288485744106565 1 27
1 5 0.9934844099117848 1 19
5 4 -1.5396721521213004 1 22
1 10 0.9983925251177711 1 12
10 7 0.011339359684780864 1 13
10 4 -0.4895709262928854 1 21
10 9 0.3059432911608481 1 25
9 14 1.0072023587869927 1 23
14 4 -0.06196369597141308 1 28
1 18 0.9293610824737778 1 -1
18 9 1.1268954623942145 1 29
17
2 4 1.7589159167413382 1 6
3 7 0.8490801350485423 1 8
2 7 0.7983623336200064 1 11
7 9 1.023023142178156 1 15
2 9 -0.7544000449578024 0 17
1 9 1.1214921844046946 1 18
3 9 -0.5288737145463722 1 27
1 5 0.9934599712501703 1 19
5 4 -1.5396712448055891 1 22
1 10 0.9979257594434238 1 12
10 7 0.10868412473375157 1 13
10 4 -0.4895740803967744 1 21
10 9 0.30363584006982036 1 25
9 14 1.002230185637277 1 23
14 4 -0.06198431562183516 1 28
2 14 -0.742057130205179 1 -1
5 14 1.6727144603443609 1 -1
3
2 4 1.697135302037399 1 6
1 4 -1.5887168805012681 1 5
3 4 -0.06807085830167456 0 7
16
2 4 1.7589160876980663 1 6
3 7 0.8517104358952612 1 8
2 7 0.7983898170442868 1 11
7 9 1.023022879788541 1 15
2 9 -0.7541262807100795 0 17
3 9 -0.5287945120191858 1 27
1 5 0.9934754684406174 1 19
5 4 -1.5396719170653612 1 22
1 10 0.9979258025148775 1 12
10 7 0.16051013227601252 1 13
10 4 -0.48957473049591327 1 21
10 9 0.30559283982511837 1 25
9 14 1.0062717891301654 1 23
14 4 -0.06226124782841781 1 28
1 18 0.9546693321238912 1 -1
18 9 1.1275069809061395 1 29
3
2 4 1.6990989053649703 1 6
1 4 -1.5896433994044867 1 5
3 4 -0.06709774005166404 0 7
3
2 4 1.6958991096135838 1 6
1 4 -1.5961100195337332 1 5
3 4 -0.06093796771897451 0 7
3
2 4 1.689418360024056 1 6
1 4 -1.6053827475310807 1 5
3 4 -0.06437679464958339 0 7
3
2 4 1.6922896284936062 1 6
1 4 -1.5901351509357398 1 5
3 4 -0.06713158841654847 0 7
16
2 4 1.7589159443714355 1 6
3 7 0.8540205879860742 1 8
2 7 0.7984163120440471 1 11
7 9 1.0230229946960299 1 15
2 9 -0.7538563929048916 0 17
3 9 -0.5287515478843341 1 27
1 5 0.9934663262455782 1 19
5 4 -1.5396716772171721 1 22
1 10 0.9979258086265801 1 12
10 7 0.12609280511654214 1 13
10 4 -0.48957506471999984 1 21
10 9 0.3065178247399375 1 25
9 14 1.0065474541635757 1 23
14 4 -0.06203603137125662 1 28
1 18 0.98431942127833 1 -1
18 9 1.1226741536084024 1 29
3
2 4 1.694906066539145 1 6
1 4 -1.591815898698381 1 5
3 4 -0.06830492132608626 0 7
3
2 4 1.6972679058957132 1 6
1 4 -1.5925618886269541 1 5
3 4 -0.06704164252270706 0 7
15
2 4 1.7589160029689628 1 6
3 7 0.8551082754263243 1 8
2 7 0.7853498946992683 1 11
7 9 1.0230229152632684 1 15
2 9 -0.7543959318999954 0 17
1 9 1.12149156799008 1 18
3 9 -0.5286284954763316 1 27
1 5 0.9934813869897035 1 19
5 4 -1.5572991942174788 1 22
1 10 0.9994909527186885 1 12
10 7 0.017655692415956048 1 13
10 4 -0.4895833349419652 1 21
10 9 0.3073319409264321 1 25
9 14 1.0060882975148147 1 23
14 4 -0.061952705852380156 1 28
15
2 4 1.7589160046054406 1 6
3 7 0.8550996955950158 1 8
2 7 0.7854200021407922 1 11
7 9 1.0452800013065555 1 15
2 9 -0.7540606585832677 0 17
1 9 1.121490180267625 1 18
3 9 -0.5286435701328975 1 27
1 5 0.9934818909850738 1 19
5 4 -1.5455866555140145 1 22
1 10 0.9998300019830912 1 12
10 7 0.0173799824038059 1 13
10 4 -0.4895825127398509 1 21
10 9 0.3043664519286199 1 25
9 14 1.0065706304083921 1 23
14 4 -0.061987857290026635 1 28
15
2 4 1.7589159516391588 1 6
3 7 0.8580630891105814 1 8
2 7 0.798435382602578 1 11
7 9 1.0230229359302179 1 15
2 9 -0.7543911427936087 0 17
1 9 1.1214916490483162 1 18
3 9 -0.5288867005327812 1 27
1 5 0.9934824887365757 1 19
5 4 -1.5396720728756634 1 22
1 10 0.9979258159359888 1 12
10 7 0.06277069139688915 1 13
10 4 -0.4895846907433661 1 21
10 9 0.30735962495513974 1 25
9 14 1.0051370313492782 1 23
14 4 -0.06153865939765211 1 28
16
2 4 1.7589159290807104 1 6
3 7 0.8711646609924136 1 8
2 7 0.7982365654340909 1 11
7 9 1.0230228726789365 1 15
2 9 -0.7546882281744308 0 17
3 9 -0.5284622140498986 1 27
1 5 0.9934904639305117 1 19
5 4 -1.5396723187702392 1 22
1 10 0.9979258202491816 1 12
10 7 0.2093652390610175 1 13
10 4 -0.48959104494473843 1 21
10 9 0.3079315688415909 1 25
9 14 1.007344544040494 1 23
14 4 -0.06203111767657716 1 28
1 18 1.0 1 -1
18 9 1.12156570029968 1 29
16
2 4 1.7589159652534714 1 6
3 7 0.8699354322139221 1 8
2 7 0.7983474715104907 1 11
7 9 1.0230228774030905 1 15
2 9 -0.7545740318078638 0 17
3 9 -0.528610900533421 1 27
1 5 0.9934860067227724 1 19
5 4 -1.5396723076595682 1 22
1 10 0.9982254916912581 1 12
10 7 0.17439918332367124 1 13
10 4 -0.4895740441716922 1 21
10 9 0.3079057976528539 1 25
9 14 1.0072367274968637 1 23
14 4 -0.06203073097326173 1 28
1 18 0.96711793458354 1 -1
18 9 1.1264768289167963 1 29
3
2 4 1.668927892837946 1 6
1 4 -1.5908656276564102 1 5
3 4 -0.061550893844805034 0 7
3
2 4 1.6924633130856976 1 6
1 4 -1.594808663813723 1 5
3 4 -0.06468833741182124 0 7
3
2 4 1.6779514249182472 1 6
1 4 -1.59017859346985 1 5
3 4 -0.05889551094853447 1 7
3
2 4 1.6957267767225994 1 6
1 4 -1.5897009770067614 1 5
3 4 -0.06753641254884718 0 7
16
2 4 1.758915943576387 1 6
3 7 0.8552997312300155 1 8
2 7 0.4034736231904743 1 11
7 9 1.0230228745983472 1 15
2 9 -0.7544962790587859 0 17
3 9 -0.5283406834750543 1 27
1 5 0.9934830283586685 1 19
5 4 -1.5396720164987683 1 22
1 10 0.9979258142283589 1 12
10 7 0.1966433118638156 1 13
10 4 -0.48958789215375126 1 21
10 9 0.3065088087151324 1 25
9 14 1.0057175588553937 1 23
14 4 -0.06206791677598922 1 28
1 18 1.0 1 -1
18 9 1.12156570029968 1 29
3
2 4 1.6880672918484665 1 6
1 4 -1.6000500336440275 1 5
3 4 -0.06552397025252577 0 7
3
2 4 1.68500813374142 1 6
1 4 -1.5898585091287176 1 5
3 4 -0.066091285339323 0 7
16
2 4 1.7589159891515038 1 6
3 7 0.8537069839998027 1 8
2 7 0.7698715961187452 1 11
7 9 1.0230228663183343 1 15
2 9 -0.7543082601916222 0 17
3 9 -0.5283463674883578 1 27
1 5 0.9934831531960162 1 19
5 4 -1.539672095498738 1 22
1 10 0.9979258131289608 1 12
10 7 0.17483974698436933 1 13
10 4 -0.48958364071656946 1 21
10 9 0.30527694612543743 1 25
9 14 1.0067596494579574 1 23
14 4 -0.062070792869267824 1 28
1 18 0.980404628894464 1 -1
18 9 1.1219982382744724 1 29
3
2 4 1.69708843454981 1 6
1 4 -1.6685363669700815 1 5
3 4 -0.06567619389206844 0 7
3
2 4 1.6992141401238487 1 6
1 4 -1.5890935752621613 1 5
3 4 -0.06759514781029138 0 7
16
2 4 1.7589160770423398 1 6
3 7 0.8498752531031887 1 8
2 7 0.7983828151473996 1 11
7 9 1.0230228502724852 1 15
2 9 -0.7537154830544858 0 17
3 9 -0.5289928193386356 1 27
1 5 0.9934897810974385 1 19
5 4 -1.5396721236603246 1 22
1 10 0.9979257677358201 1 12
10 7 0.1067521001079283 1 13
10 4 -0.48956656409317617 1 21
10 9 0.3029876177751466 1 25
9 14 1.0073196130615278 1 23
14 4 -0.06226562633274104 1 28
1 18 0.9293610824737778 1 -1
18 9 1.1268954623942145 1 29
3
2 4 1.69394176291858 1 6
1 4 -1.5894781396811097 1 5
3 4 -0.06877491667955751 0 7
3
2 4 1.686036317635026 1 6
1 4 -1.590593609509878 1 5
3 4 -0.06609821664209084 0 7
4
2 4 1.6801012788753666 1 6
1 4 -1.591826507083747 1 5
3 7 0.9542889629753297 1 8
7 4 -0.05821493707224772 0 -1
17
2 4 1.7589159826392562 1 6
3 7 0.8517385925519185 1 8
2 7 0.7983961438155521 1 11
7 9 1.0368801963962357 1 15
2 9 -0.754246208259941 0 17
1 9 1.121491850800594 1 18
3 9 -0.5287510883884103 1 27
1 5 0.9934602755232049 1 19
5 4 -1.5396714646377405 1 22
1 10 0.9987168287294492 1 12
10 7 0.08848731795167541 1 13
10 4 -0.4895769347895471 1 21
10 9 0.3040523644218295 1 25
9 14 1.004191414900242 1 23
14 4 -0.061990218250417256 1 28
2 14 -0.7109305363580455 1 -1
5 14 1.6727144603443609 1 -1
16
2 4 1.7589160192672175 1 6
3 7 0.8520972028666506 1 8
2 7 0.7984680242911567 1 11
7 9 1.0295764388729929 1 15
2 9 -0.7537529161749871 0 17
3 9 -0.5288016094560756 1 27
1 5 0.9934765263518609 1 19
5 4 -1.539671708703926 1 22
1 10 0.9983608884182252 1 12
10 7 0.10890860125810492 1 13
10 4 -0.48957030062038037 1 21
10 9 0.3025088808809702 1 25
9 14 1.0065166387012139 1 23
14 4 -0.06203008752683207 1 28
1 18 0.955239664257671 1 -1
18 9 1.1239589135587311 1 29
18
2 4 1.7589161424692448 1 6
3 7 0.8549792194314116 1 8
2 7 0.7983719245271403 1 11
7 9 1.0230229801725979 1 15
2 9 -0.7539209738296117 0 17
1 9 1.1214865381388464 1 18
3 9 -0.5287028635300972 1 27
1 5 0.9934847663449776 1 19
5 4 -1.5396722205391078 1 22
1 10 0.9993026274750239 1 12
10 7 0.08067973352147736 1 13
10 4 -0.4895818109096576 1 21
10 9 0.30898143565329406 1 25
9 14 1.0070824406925452 1 23
14 4 -0.06180452756514943 1 28
2 14 -0.6863777731977075 1 -1
5 9 1.9906735030303095 1 -1
10 14 0.8697341554461837 1 -1
3
2 4 1.695169921015554 1 6
1 4 -1.5893180900834336 1 5
3 4 -0.06681583905414587 0 7
15
2 4 1.758916000970604 1 6
3 7 0.8546481747561224 1 8
2 7 -1.1221005328536715 1 11
7 9 1.023023046530771 1 15
2 9 -0.7543251121532455 0 17
1 9 1.1214884469993474 1 18
3 9 -0.5284999802713077 1 27
1 5 0.9934815847002088 1 19
5 4 -1.5396720087975324 1 22
1 10 0.9984059415511992 1 12
10 7 -0.14579847750150163 1 13
10 4 -0.48958662771946293 1 21
10 9 0.3094220317959177 1 25
9 14 1.0058941830784673 1 23
14 4 -0.0620446219860092 1 28
16
2 4 1.7589160715362604 1 6
3 7 0.8490486759628227 1 8
2 7 0.7920292239181151 1 11
7 9 1.0230229673070943 1 15
2 9 -0.7539441598817826 0 17
3 9 -0.5286850962611878 1 27
1 5 0.9934820649255278 1 19
5 4 -1.539671928586028 1 22
1 10 0.9985432625000841 1 12
10 7 0.05746117974411502 1 13
10 4 -0.4895776943407057 1 21
10 9 0.3070580815623601 1 25
9 14 1.0063773205420419 1 23
14 4 -0.062212722581600495 1 28
1 18 0.9546693321238912 1 -1
18 9 1.1275069809061395 1 29
3
2 4 1.6984530848077954 1 6
1 4 -1.6026312907017697 1 5
3 4 -0.06484288304202213 0 7
3
2 4 1.6923093164793563 1 6
1 4 -1.5884849458815669 1 5
3 4 -0.06845033661917793 0 7
3
2 4 1.6853398201779344 1 6
1 4 -1.5919184015231118 1 5
3 4 -0.0673341232236223 0 7
16
2 4 1.7589160345824881 1 6
3 7 0.8538076905164309 1 8
2 7 0.7975883719165273 1 11
7 9 1.0230228668890102 1 15
2 9 -0.7537997279904839 0 17
3 9 -0.5286873855404146 1 27
1 5 0.9934878191555803 1 19
5 4 -1.5460787565663505 1 22
1 10 0.9988926461546408 1 12
10 7 0.09335820850622409 1 13
10 4 -0.4895679767517018 1 21
10 9 0.30679355926539187 1 25
9 14 1.0063870556139916 1 23
14 4 -0.06223647921231985 1 28
1 18 0.9293610824737778 1 -1
18 9 1.1268954623942145 1 29
15
2 4 1.7589159907543177 1 6
3 7 0.8547226781228461 1 8
2 7 0.7550484285489283 1 11
7 9 1.0230229124945696 1 15
2 9 -0.7544084749111276 0 17
1 9 1.1214925939446334 1 18
3 9 -0.5286055528620894 1 27
1 5 0.9934804587421566 1 19
5 4 -1.5396720477326118 1 22
1 10 0.9989756797198989 1 12
10 7 0.11267238245103164 1 13
10 4 -0.48958518097528464 1 21
10 9 0.3070626803152415 1 25
9 14 1.0060060083402675 1 23
14 4 -0.062047607045556924 1 28
16
2 4 1.7589160282926777 1 6
3 7 0.8525033005551825 1 8
2 7 0.7984929570562224 1 11
7 9 1.0230228360231712 1 15
2 9 -0.7534208289972822 0 17
3 9 -0.5290107252406576 1 27
1 5 0.9934845148000699 1 19
5 4 -1.539672280262256 1 22
1 10 0.9979257618761692 1 12
10 7 0.1402287513315988 1 13
10 4 -0.4895642224543655 1 21
10 9 0.30212067399331677 1 25
9 14 1.0073221623085502 1 23
14 4 -0.062241040224097405 1 28
1 18 0.955239664257671 1 -1
18 9 1.1239589135587311 1 29
16
2 4 1.7589160939669715 1 6
3 7 0.8504422142163228 1 8
2 7 0.7983505507571984 1 11
7 9 1.0230230255139396 1 15
2 9 -0.75422214626565 0 17
3 9 -0.5287426308997089 1 27
1 5 0.9934811715459367 1 19
5 4 -1.5396720114849969 1 22
1 10 0.9983841354498728 1 12
10 7 -0.06501922711190114 1 13
10 4 -0.4895812265299493 1 21
10 9 0.3127795310145502 1 25
9 14 1.006874961470623 1 23
14 4 -0.061977705173706626 1 28
1 18 1.0 1 -1
18 9 1.12156570029968 1 29
17
2 4 1.7589161895433925 1 6
3 7 0.8429147831575945 1 8
2 7 0.7984161510253815 1 11
7 9 1.023022912976369 1 15
2 9 -0.7539079516986037 0 17
3 9 -0.5289491129344862 1 27
1 5 0.9934878217475298 1 19
5 4 -1.539672019343781 1 22
1 10 0.9979257667212342 1 12
10 7 0.04302164931596891 1 13
10 4 -0.48957446811564925 1 21
10 9 0.30806151733645226 1 25
9 14 1.006760864628298 1 23
14 4 -0.062168281010613294 1 28
1 18 0.9293610824737778 1 -1
18 9 1.1268954623942145 1 29
5 14 0.5717154528876995 1 -1
18
2 4 1.758916106296474 1 6
3 7 0.8548214252273459 1 8
2 7 0.7944764320269032 1 11
7 9 1.0230229798837047 1 15
2 9 -0.7539417097493821 0 17
1 9 1.1214865381388464 1 18
3 9 -0.5286943382239248 1 27
1 5 0.9934842295214913 1 19
5 4 -1.5396722055899894 1 22
1 10 0.9985972875543783 1 12
10 7 0.07559167453491634 1 13
10 4 -0.48958065778519744 1 21
10 9 0.3086905260157417 1 25
9 14 1.006942709911531 1 23
14 4 -0.061809745550302095 1 28
2 14 -0.6863777731977075 1 -1
5 9 1.9906735030303095 1 -1
10 14 0.8697341554461837 1 -1
16
2 4 1.7589160576144955 1 6
3 7 0.8496909041266288 1 8
2 7 0.7983645689909107 1 11
7 9 1.0230229619657831 1 15
2 9 -0.7540026682369446 0 17
3 9 -0.5288902166142312 1 27
1 5 0.9934866506956586 1 19
5 4 -1.539672158332366 1 22
1 10 0.998473004630816 1 12
10 7 0.017132041296926394 1 13
10 4 -0.4895809237671401 1 21
10 9 0.3067336865159671 1 25
9 14 1.0065844707054532 1 23
14 4 -0.06190700499286611 1 28
1 18 0.9293610824737778 1 -1
18 9 1.1268954623942145 1 29
15
2 4 1.758915993307035 1 6
3 7 0.870299278598023 1 8
2 7 -0.07424829925498488 1 11
7 9 1.0230229786677438 1 15
2 9 -0.7546273323520767 0 17
1 9 1.1214884469993474 1 18
3 9 -0.5284954837822462 1 27
1 5 0.9934839087321199 1 19
5 4 -1.539672313195654 1 22
1 10 0.9979411589728221 1 12
10 7 0.018282822021825018 1 13
10 4 -0.4895902660213626 1 21
10 9 0.30923501622914035 1 25
9 14 1.0059875794441742 1 23
14 4 -0.06203435280886245 1 28
3
2 4 1.6855429021410984 1 6
1 4 -1.5902821133705267 1 5
3 4 -0.06507817507785223 0 7
3
2 4 1.6695819562342653 1 6
1 4 -1.647337225412041 1 5
3 4 -0.06137552167694739 0 7
3
2 4 1.6767193930822004 1 6
1 4 -1.626785018593071 1 5
3 4 -0.06332722204700608 0 7
16
2 4 1.8074317620103166 1 6
3 7 0.8471711909708209 1 8
2 7 0.7983806196573384 1 11
7 9 1.0230229239037596 1 15
2 9 -0.7543387152568025 0 17
3 9 -0.5288542190222595 1 27
1 5 1.0333363594839868 1 19
5 4 -1.5396720580390415 1 22
1 10 0.9979938894685427 1 12
10 7 0.08446977728174107 1 13
10 4 -0.48957848248077107 1 21
10 9 0.3058229383300517 1 25
9 14 1.0055206017890597 1 23
14 4 -0.062170085620567 1 28
1 18 0.9546693321238912 1 -1
18 9 1.1275069809061395 1 29
3
2 4 1.695048652623274 1 6
1 4 -1.5901598849259002 1 5
3 4 -0.058906064652921725 0 7
16
2 4 1.7589161921375362 1 6
3 7 0.8486206688355983 1 8
2 7 0.7983063100017282 1 11
7 9 1.02302297335098 1 15
2 9 -0.7538904028021232 0 17
3 9 -0.5286616612094224 1 27
1 5 0.9934828034411056 1 19
5 4 -1.5396722537649152 1 22
1 10 0.9979257823615185 1 12
10 7 -0.008145069972723462 1 13
10 4 -0.48957767855018475 1 21
10 9 0.3134898466979793 1 25
9 14 1.0069377083793014 1 23
14 4 -0.06200074940859741 1 28
1 18 0.98431942127833 1 -1
18 9 1.1226741536084024 1 29
3
2 4 1.7029323255251951 1 6
1 4 -1.5880744612998934 1 5
3 4 -0.06171867102532546 0 7
16
2 4 1.758916063571907 1 6
3 7 0.8546229400620595 1 8
2 7 0.7982722675293569 1 11
7 9 1.0230230275320427 1 15
2 9 -0.7540520066420299 0 17
1 9 1.1214871151803654 1 18
3 9 -0.5286831791055127 1 27
1 5 0.9934838681212389 1 19
5 4 -1.539672230206419 1 22
1 10 0.9997751721286179 1 12
10 7 -0.16405426549705013 1 13
10 4 -0.48958186396515335 1 21
10 9 0.3088488896165783 1 25
9 14 1.0069922126008213 1 23
14 4 -0.06181180981663261 1 28
2 14 -0.6866340652647815 1 -1
